date,day-stars,total-stars
07-11-2015,0,0
08-11-2015,0,0
09-11-2015,1807,1807
10-11-2015,4507,6314
11-11-2015,1452,7766
12-11-2015,890,8656
13-11-2015,635,9291
14-11-2015,283,9574
15-11-2015,266,9840
16-11-2015,370,10210
17-11-2015,288,10498
18-11-2015,267,10765
19-11-2015,187,10952
20-11-2015,198,11150
21-11-2015,112,11262
22-11-2015,85,11347
23-11-2015,94,11441
24-11-2015,89,11530
25-11-2015,112,11642
26-11-2015,90,11732
27-11-2015,67,11799
28-11-2015,58,11857
29-11-2015,41,11898
30-11-2015,67,11965
01-12-2015,64,12029
02-12-2015,76,12105
03-12-2015,53,12158
04-12-2015,55,12213
05-12-2015,38,12251
06-12-2015,28,12279
07-12-2015,71,12350
08-12-2015,64,12414
09-12-2015,90,12504
10-12-2015,166,12670
11-12-2015,69,12739
12-12-2015,43,12782
13-12-2015,39,12821
14-12-2015,75,12896
15-12-2015,51,12947
16-12-2015,58,13005
17-12-2015,49,13054
18-12-2015,69,13123
19-12-2015,35,13158
20-12-2015,28,13186
21-12-2015,30,13216
22-12-2015,46,13262
23-12-2015,27,13289
24-12-2015,28,13317
25-12-2015,18,13335
26-12-2015,30,13365
27-12-2015,25,13390
28-12-2015,46,13436
29-12-2015,44,13480
30-12-2015,43,13523
31-12-2015,28,13551
01-01-2016,28,13579
02-01-2016,38,13617
03-01-2016,34,13651
04-01-2016,37,13688
05-01-2016,40,13728
06-01-2016,56,13784
07-01-2016,60,13844
08-01-2016,44,13888
09-01-2016,27,13915
10-01-2016,25,13940
11-01-2016,45,13985
12-01-2016,40,14025
13-01-2016,46,14071
14-01-2016,36,14107
15-01-2016,45,14152
16-01-2016,35,14187
17-01-2016,24,14211
18-01-2016,32,14243
19-01-2016,32,14275
20-01-2016,48,14323
21-01-2016,54,14377
22-01-2016,121,14498
23-01-2016,126,14624
24-01-2016,94,14718
25-01-2016,173,14891
26-01-2016,147,15038
27-01-2016,90,15128
28-01-2016,76,15204
29-01-2016,67,15271
30-01-2016,37,15308
31-01-2016,47,15355
01-02-2016,43,15398
02-02-2016,35,15433
03-02-2016,41,15474
04-02-2016,58,15532
05-02-2016,52,15584
06-02-2016,24,15608
07-02-2016,28,15636
08-02-2016,30,15666
09-02-2016,37,15703
10-02-2016,36,15739
11-02-2016,36,15775
12-02-2016,32,15807
13-02-2016,24,15831
14-02-2016,17,15848
15-02-2016,38,15886
16-02-2016,46,15932
17-02-2016,110,16042
18-02-2016,58,16100
19-02-2016,39,16139
20-02-2016,27,16166
21-02-2016,32,16198
22-02-2016,42,16240
23-02-2016,29,16269
24-02-2016,41,16310
25-02-2016,37,16347
26-02-2016,81,16428
27-02-2016,64,16492
28-02-2016,37,16529
29-02-2016,39,16568
01-03-2016,51,16619
02-03-2016,34,16653
03-03-2016,44,16697
04-03-2016,30,16727
05-03-2016,18,16745
06-03-2016,28,16773
07-03-2016,54,16827
08-03-2016,41,16868
09-03-2016,48,16916
10-03-2016,63,16979
11-03-2016,67,17046
12-03-2016,39,17085
13-03-2016,47,17132
14-03-2016,88,17220
15-03-2016,65,17285
16-03-2016,47,17332
17-03-2016,37,17369
18-03-2016,44,17413
19-03-2016,30,17443
20-03-2016,37,17480
21-03-2016,53,17533
22-03-2016,42,17575
23-03-2016,65,17640
24-03-2016,76,17716
25-03-2016,51,17767
26-03-2016,34,17801
27-03-2016,44,17845
28-03-2016,55,17900
29-03-2016,29,17929
30-03-2016,40,17969
31-03-2016,35,18004
01-04-2016,31,18035
02-04-2016,23,18058
03-04-2016,35,18093
04-04-2016,38,18131
05-04-2016,52,18183
06-04-2016,48,18231
07-04-2016,55,18286
08-04-2016,39,18325
09-04-2016,28,18353
10-04-2016,35,18388
11-04-2016,45,18433
12-04-2016,45,18478
13-04-2016,130,18608
14-04-2016,200,18808
15-04-2016,152,18960
16-04-2016,93,19053
17-04-2016,76,19129
18-04-2016,89,19218
19-04-2016,73,19291
20-04-2016,70,19361
21-04-2016,59,19420
22-04-2016,67,19487
23-04-2016,59,19546
24-04-2016,40,19586
25-04-2016,48,19634
26-04-2016,57,19691
27-04-2016,46,19737
28-04-2016,53,19790
29-04-2016,45,19835
30-04-2016,68,19903
01-05-2016,43,19946
02-05-2016,44,19990
03-05-2016,63,20053
04-05-2016,58,20111
05-05-2016,49,20160
06-05-2016,53,20213
07-05-2016,42,20255
08-05-2016,40,20295
09-05-2016,65,20360
10-05-2016,56,20416
11-05-2016,73,20489
12-05-2016,110,20599
13-05-2016,222,20821
14-05-2016,87,20908
15-05-2016,67,20975
16-05-2016,112,21087
17-05-2016,113,21200
18-05-2016,128,21328
19-05-2016,137,21465
20-05-2016,113,21578
21-05-2016,61,21639
22-05-2016,40,21679
23-05-2016,76,21755
24-05-2016,59,21814
25-05-2016,73,21887
26-05-2016,66,21953
27-05-2016,59,22012
28-05-2016,34,22046
29-05-2016,33,22079
30-05-2016,51,22130
31-05-2016,53,22183
01-06-2016,55,22238
02-06-2016,61,22299
03-06-2016,88,22387
04-06-2016,41,22428
05-06-2016,47,22475
06-06-2016,62,22537
07-06-2016,89,22626
08-06-2016,143,22769
09-06-2016,105,22874
10-06-2016,57,22931
11-06-2016,41,22972
12-06-2016,52,23024
13-06-2016,67,23091
14-06-2016,50,23141
15-06-2016,59,23200
16-06-2016,64,23264
17-06-2016,47,23311
18-06-2016,32,23343
19-06-2016,36,23379
20-06-2016,59,23438
21-06-2016,58,23496
22-06-2016,58,23554
23-06-2016,57,23611
24-06-2016,43,23654
25-06-2016,41,23695
26-06-2016,33,23728
27-06-2016,54,23782
28-06-2016,54,23836
29-06-2016,79,23915
30-06-2016,94,24009
01-07-2016,87,24096
02-07-2016,53,24149
03-07-2016,38,24187
04-07-2016,49,24236
05-07-2016,56,24292
06-07-2016,41,24333
07-07-2016,53,24386
08-07-2016,51,24437
09-07-2016,28,24465
10-07-2016,35,24500
11-07-2016,47,24547
12-07-2016,60,24607
13-07-2016,73,24680
14-07-2016,68,24748
15-07-2016,43,24791
16-07-2016,25,24816
17-07-2016,30,24846
18-07-2016,44,24890
19-07-2016,58,24948
20-07-2016,63,25011
21-07-2016,135,25146
22-07-2016,70,25216
23-07-2016,48,25264
24-07-2016,46,25310
25-07-2016,53,25363
26-07-2016,53,25416
27-07-2016,51,25467
28-07-2016,44,25511
29-07-2016,53,25564
30-07-2016,35,25599
31-07-2016,37,25636
01-08-2016,47,25683
02-08-2016,60,25743
03-08-2016,51,25794
04-08-2016,57,25851
05-08-2016,44,25895
06-08-2016,31,25926
07-08-2016,34,25960
08-08-2016,48,26008
09-08-2016,57,26065
10-08-2016,60,26125
11-08-2016,96,26221
12-08-2016,104,26325
13-08-2016,37,26362
14-08-2016,45,26407
15-08-2016,65,26472
16-08-2016,72,26544
17-08-2016,49,26593
18-08-2016,53,26646
19-08-2016,51,26697
20-08-2016,25,26722
21-08-2016,27,26749
22-08-2016,55,26804
23-08-2016,59,26863
24-08-2016,57,26920
25-08-2016,70,26990
26-08-2016,42,27032
27-08-2016,46,27078
28-08-2016,35,27113
29-08-2016,57,27170
30-08-2016,72,27242
31-08-2016,76,27318
01-09-2016,74,27392
02-09-2016,77,27469
03-09-2016,48,27517
04-09-2016,35,27552
05-09-2016,54,27606
06-09-2016,61,27667
07-09-2016,60,27727
08-09-2016,62,27789
09-09-2016,55,27844
10-09-2016,56,27900
11-09-2016,48,27948
12-09-2016,65,28013
13-09-2016,59,28072
14-09-2016,62,28134
15-09-2016,71,28205
16-09-2016,52,28257
17-09-2016,46,28303
18-09-2016,45,28348
19-09-2016,84,28432
20-09-2016,80,28512
21-09-2016,61,28573
22-09-2016,77,28650
23-09-2016,102,28752
24-09-2016,70,28822
25-09-2016,78,28900
26-09-2016,97,28997
27-09-2016,62,29059
28-09-2016,75,29134
29-09-2016,61,29195
30-09-2016,73,29268
01-10-2016,46,29314
02-10-2016,48,29362
03-10-2016,61,29423
04-10-2016,56,29479
05-10-2016,56,29535
06-10-2016,81,29616
07-10-2016,81,29697
08-10-2016,81,29778
09-10-2016,96,29874
10-10-2016,97,29971
11-10-2016,80,30051
12-10-2016,116,30167
13-10-2016,100,30267
14-10-2016,84,30351
15-10-2016,60,30411
16-10-2016,72,30483
17-10-2016,96,30579
18-10-2016,97,30676
19-10-2016,87,30763
20-10-2016,90,30853
21-10-2016,61,30914
22-10-2016,58,30972
23-10-2016,55,31027
24-10-2016,112,31139
25-10-2016,148,31287
26-10-2016,111,31398
27-10-2016,92,31490
28-10-2016,85,31575
29-10-2016,45,31620
30-10-2016,44,31664
31-10-2016,56,31720
01-11-2016,73,31793
02-11-2016,85,31878
03-11-2016,58,31936
04-11-2016,74,32010
05-11-2016,44,32054
06-11-2016,62,32116
07-11-2016,95,32211
08-11-2016,83,32294
09-11-2016,71,32365
10-11-2016,103,32468
11-11-2016,64,32532
12-11-2016,39,32571
13-11-2016,44,32615
14-11-2016,88,32703
15-11-2016,101,32804
16-11-2016,92,32896
17-11-2016,104,33000
18-11-2016,73,33073
19-11-2016,50,33123
20-11-2016,50,33173
21-11-2016,93,33266
22-11-2016,98,33364
23-11-2016,86,33450
24-11-2016,76,33526
25-11-2016,73,33599
26-11-2016,65,33664
27-11-2016,70,33734
28-11-2016,86,33820
29-11-2016,91,33911
30-11-2016,122,34033
01-12-2016,97,34130
02-12-2016,93,34223
03-12-2016,55,34278
04-12-2016,69,34347
05-12-2016,75,34422
06-12-2016,98,34520
07-12-2016,111,34631
08-12-2016,238,34869
09-12-2016,128,34997
10-12-2016,78,35075
11-12-2016,95,35170
12-12-2016,150,35320
13-12-2016,122,35442
14-12-2016,104,35546
15-12-2016,94,35640
16-12-2016,63,35703
17-12-2016,57,35760
18-12-2016,56,35816
19-12-2016,76,35892
20-12-2016,86,35978
21-12-2016,84,36062
22-12-2016,83,36145
23-12-2016,72,36217
24-12-2016,53,36270
25-12-2016,58,36328
26-12-2016,80,36408
27-12-2016,69,36477
28-12-2016,95,36572
29-12-2016,78,36650
30-12-2016,73,36723
31-12-2016,56,36779
01-01-2017,49,36828
02-01-2017,46,36874
03-01-2017,75,36949
04-01-2017,149,37098
05-01-2017,164,37262
06-01-2017,118,37380
07-01-2017,76,37456
08-01-2017,69,37525
09-01-2017,100,37625
10-01-2017,96,37721
11-01-2017,143,37864
12-01-2017,102,37966
13-01-2017,102,38068
14-01-2017,55,38123
15-01-2017,54,38177
16-01-2017,94,38271
17-01-2017,109,38380
18-01-2017,88,38468
19-01-2017,98,38566
20-01-2017,65,38631
21-01-2017,52,38683
22-01-2017,56,38739
23-01-2017,85,38824
24-01-2017,93,38917
25-01-2017,89,39006
26-01-2017,72,39078
27-01-2017,77,39155
28-01-2017,62,39217
29-01-2017,44,39261
30-01-2017,64,39325
31-01-2017,67,39392
01-02-2017,72,39464
02-02-2017,61,39525
03-02-2017,111,39636
04-02-2017,75,39711
05-02-2017,71,39782
06-02-2017,97,39879
07-02-2017,140,40019
08-02-2017,124,40143
09-02-2017,117,40260
10-02-2017,113,40373
11-02-2017,58,40431
12-02-2017,65,40496
13-02-2017,93,40589
14-02-2017,101,40690
15-02-2017,191,40881
16-02-2017,537,41418
17-02-2017,308,41726
18-02-2017,157,41883
19-02-2017,141,42024
20-02-2017,187,42211
21-02-2017,158,42369
22-02-2017,172,42541
23-02-2017,165,42706
24-02-2017,145,42851
25-02-2017,69,42920
26-02-2017,61,42981
27-02-2017,119,43100
28-02-2017,123,43223
01-03-2017,119,43342
02-03-2017,144,43486
03-03-2017,125,43611
04-03-2017,75,43686
05-03-2017,71,43757
06-03-2017,106,43863
07-03-2017,122,43985
08-03-2017,108,44093
09-03-2017,126,44219
10-03-2017,173,44392
11-03-2017,113,44505
12-03-2017,122,44627
13-03-2017,170,44797
14-03-2017,169,44966
15-03-2017,138,45104
16-03-2017,125,45229
17-03-2017,115,45344
18-03-2017,81,45425
19-03-2017,79,45504
20-03-2017,117,45621
21-03-2017,123,45744
22-03-2017,132,45876
23-03-2017,111,45987
24-03-2017,99,46086
25-03-2017,73,46159
26-03-2017,72,46231
27-03-2017,107,46338
28-03-2017,116,46454
29-03-2017,123,46577
30-03-2017,121,46698
31-03-2017,123,46821
01-04-2017,87,46908
02-04-2017,47,46955
03-04-2017,67,47022
04-04-2017,81,47103
05-04-2017,104,47207
06-04-2017,136,47343
07-04-2017,133,47476
08-04-2017,84,47560
09-04-2017,82,47642
10-04-2017,129,47771
11-04-2017,127,47898
12-04-2017,101,47999
13-04-2017,109,48108
14-04-2017,95,48203
15-04-2017,61,48264
16-04-2017,56,48320
17-04-2017,97,48417
18-04-2017,95,48512
19-04-2017,95,48607
20-04-2017,106,48713
21-04-2017,99,48812
22-04-2017,59,48871
23-04-2017,72,48943
24-04-2017,102,49045
25-04-2017,98,49143
26-04-2017,101,49244
27-04-2017,108,49352
28-04-2017,106,49458
29-04-2017,46,49504
30-04-2017,51,49555
01-05-2017,70,49625
02-05-2017,71,49696
03-05-2017,87,49783
04-05-2017,88,49871
05-05-2017,76,49947
06-05-2017,48,49995
07-05-2017,69,50064
08-05-2017,82,50146
09-05-2017,104,50250
10-05-2017,104,50354
11-05-2017,84,50438
12-05-2017,85,50523
13-05-2017,43,50566
14-05-2017,53,50619
15-05-2017,92,50711
16-05-2017,100,50811
17-05-2017,171,50982
18-05-2017,245,51227
19-05-2017,173,51400
20-05-2017,94,51494
21-05-2017,91,51585
22-05-2017,139,51724
23-05-2017,140,51864
24-05-2017,122,51986
25-05-2017,123,52109
26-05-2017,120,52229
27-05-2017,111,52340
28-05-2017,58,52398
29-05-2017,82,52480
30-05-2017,99,52579
31-05-2017,109,52688
01-06-2017,118,52806
02-06-2017,116,52922
03-06-2017,89,53011
04-06-2017,75,53086
05-06-2017,108,53194
06-06-2017,105,53299
07-06-2017,132,53431
08-06-2017,111,53542
09-06-2017,90,53632
10-06-2017,67,53699
11-06-2017,59,53758
12-06-2017,76,53834
13-06-2017,99,53933
14-06-2017,119,54052
15-06-2017,111,54163
16-06-2017,122,54285
17-06-2017,79,54364
18-06-2017,93,54457
19-06-2017,109,54566
20-06-2017,123,54689
21-06-2017,98,54787
22-06-2017,91,54878
23-06-2017,76,54954
24-06-2017,52,55006
25-06-2017,58,55064
26-06-2017,76,55140
27-06-2017,91,55231
28-06-2017,120,55351
29-06-2017,101,55452
30-06-2017,90,55542
01-07-2017,51,55593
02-07-2017,67,55660
03-07-2017,82,55742
04-07-2017,86,55828
05-07-2017,89,55917
06-07-2017,107,56024
07-07-2017,99,56123
08-07-2017,60,56183
09-07-2017,61,56244
10-07-2017,99,56343
11-07-2017,100,56443
12-07-2017,100,56543
13-07-2017,122,56665
14-07-2017,123,56788
15-07-2017,50,56838
16-07-2017,66,56904
17-07-2017,109,57013
18-07-2017,105,57118
19-07-2017,108,57226
20-07-2017,110,57336
21-07-2017,100,57436
22-07-2017,45,57481
23-07-2017,76,57557
24-07-2017,107,57664
25-07-2017,99,57763
26-07-2017,109,57872
27-07-2017,120,57992
28-07-2017,85,58077
29-07-2017,68,58145
30-07-2017,66,58211
31-07-2017,116,58327
01-08-2017,124,58451
02-08-2017,133,58584
03-08-2017,121,58705
04-08-2017,83,58788
05-08-2017,71,58859
06-08-2017,94,58953
07-08-2017,117,59070
08-08-2017,120,59190
09-08-2017,114,59304
10-08-2017,105,59409
11-08-2017,90,59499
12-08-2017,67,59566
13-08-2017,53,59619
14-08-2017,92,59711
15-08-2017,105,59816
16-08-2017,98,59914
17-08-2017,108,60022
18-08-2017,90,60112
19-08-2017,46,60158
20-08-2017,66,60224
21-08-2017,95,60319
22-08-2017,95,60414
23-08-2017,98,60512
24-08-2017,84,60596
25-08-2017,75,60671
26-08-2017,50,60721
27-08-2017,60,60781
28-08-2017,104,60885
29-08-2017,100,60985
30-08-2017,91,61076
31-08-2017,140,61216
01-09-2017,86,61302
02-09-2017,57,61359
03-09-2017,69,61428
04-09-2017,95,61523
05-09-2017,107,61630
06-09-2017,100,61730
07-09-2017,123,61853
08-09-2017,101,61954
09-09-2017,89,62043
10-09-2017,53,62096
11-09-2017,99,62195
12-09-2017,105,62300
13-09-2017,100,62400
14-09-2017,87,62487
15-09-2017,95,62582
16-09-2017,68,62650
17-09-2017,61,62711
18-09-2017,110,62821
19-09-2017,114,62935
20-09-2017,77,63012
21-09-2017,116,63128
22-09-2017,90,63218
23-09-2017,62,63280
24-09-2017,60,63340
25-09-2017,78,63418
26-09-2017,105,63523
27-09-2017,114,63637
28-09-2017,93,63730
29-09-2017,99,63829
30-09-2017,81,63910
01-10-2017,67,63977
02-10-2017,92,64069
03-10-2017,66,64135
04-10-2017,50,64185
05-10-2017,58,64243
06-10-2017,55,64298
07-10-2017,38,64336
08-10-2017,48,64384
09-10-2017,81,64465
10-10-2017,98,64563
11-10-2017,134,64697
12-10-2017,191,64888
13-10-2017,213,65101
14-10-2017,111,65212
15-10-2017,120,65332
16-10-2017,161,65493
17-10-2017,181,65674
18-10-2017,167,65841
19-10-2017,160,66001
20-10-2017,151,66152
21-10-2017,97,66249
22-10-2017,70,66319
23-10-2017,129,66448
24-10-2017,139,66587
25-10-2017,131,66718
26-10-2017,152,66870
27-10-2017,120,66990
28-10-2017,86,67076
29-10-2017,81,67157
30-10-2017,120,67277
31-10-2017,151,67428
01-11-2017,127,67555
02-11-2017,142,67697
03-11-2017,150,67847
04-11-2017,88,67935
05-11-2017,86,68021
06-11-2017,152,68173
07-11-2017,125,68298
08-11-2017,148,68446
09-11-2017,155,68601
10-11-2017,135,68736
11-11-2017,68,68804
12-11-2017,81,68885
13-11-2017,104,68989
14-11-2017,135,69124
15-11-2017,301,69425
16-11-2017,275,69700
17-11-2017,223,69923
18-11-2017,129,70052
19-11-2017,109,70161
20-11-2017,181,70342
21-11-2017,204,70546
22-11-2017,182,70728
23-11-2017,168,70896
24-11-2017,141,71037
25-11-2017,64,71101
26-11-2017,79,71180
27-11-2017,136,71316
28-11-2017,133,71449
29-11-2017,124,71573
30-11-2017,161,71734
01-12-2017,129,71863
02-12-2017,79,71942
03-12-2017,78,72020
04-12-2017,125,72145
05-12-2017,165,72310
06-12-2017,153,72463
07-12-2017,130,72593
08-12-2017,120,72713
09-12-2017,59,72772
10-12-2017,70,72842
11-12-2017,113,72955
12-12-2017,152,73107
13-12-2017,273,73380
14-12-2017,184,73564
15-12-2017,165,73729
16-12-2017,98,73827
17-12-2017,95,73922
18-12-2017,166,74088
19-12-2017,178,74266
20-12-2017,167,74433
21-12-2017,141,74574
22-12-2017,134,74708
23-12-2017,74,74782
24-12-2017,68,74850
25-12-2017,128,74978
26-12-2017,128,75106
27-12-2017,138,75244
28-12-2017,118,75362
29-12-2017,110,75472
30-12-2017,61,75533
31-12-2017,72,75605
01-01-2018,65,75670
02-01-2018,114,75784
03-01-2018,123,75907
04-01-2018,119,76026
05-01-2018,129,76155
06-01-2018,80,76235
07-01-2018,78,76313
08-01-2018,114,76427
09-01-2018,126,76553
10-01-2018,134,76687
11-01-2018,128,76815
12-01-2018,125,76940
13-01-2018,65,77005
14-01-2018,79,77084
15-01-2018,127,77211
16-01-2018,137,77348
17-01-2018,130,77478
18-01-2018,122,77600
19-01-2018,119,77719
20-01-2018,84,77803
21-01-2018,67,77870
22-01-2018,124,77994
23-01-2018,109,78103
24-01-2018,121,78224
25-01-2018,139,78363
26-01-2018,138,78501
27-01-2018,93,78594
28-01-2018,74,78668
29-01-2018,128,78796
30-01-2018,105,78901
31-01-2018,125,79026
01-02-2018,135,79161
02-02-2018,137,79298
03-02-2018,73,79371
04-02-2018,74,79445
05-02-2018,98,79543
06-02-2018,116,79659
07-02-2018,117,79776
08-02-2018,123,79899
09-02-2018,107,80006
10-02-2018,85,80091
11-02-2018,135,80226
12-02-2018,172,80398
13-02-2018,130,80528
14-02-2018,101,80629
15-02-2018,91,80720
16-02-2018,88,80808
17-02-2018,71,80879
18-02-2018,76,80955
19-02-2018,66,81021
20-02-2018,50,81071
21-02-2018,59,81130
22-02-2018,103,81233
23-02-2018,79,81312
24-02-2018,108,81420
25-02-2018,66,81486
26-02-2018,116,81602
27-02-2018,108,81710
28-02-2018,124,81834
01-03-2018,158,81992
02-03-2018,170,82162
03-03-2018,82,82244
04-03-2018,77,82321
05-03-2018,149,82470
06-03-2018,157,82627
07-03-2018,128,82755
08-03-2018,114,82869
09-03-2018,150,83019
10-03-2018,83,83102
11-03-2018,94,83196
12-03-2018,114,83310
13-03-2018,159,83469
14-03-2018,130,83599
15-03-2018,149,83748
16-03-2018,136,83884
17-03-2018,78,83962
18-03-2018,72,84034
19-03-2018,115,84149
20-03-2018,122,84271
21-03-2018,134,84405
22-03-2018,129,84534
23-03-2018,97,84631
24-03-2018,75,84706
25-03-2018,70,84776
26-03-2018,125,84901
27-03-2018,113,85014
28-03-2018,123,85137
29-03-2018,159,85296
30-03-2018,121,85417
31-03-2018,120,85537
01-04-2018,76,85613
02-04-2018,122,85735
03-04-2018,122,85857
04-04-2018,111,85968
05-04-2018,92,86060
06-04-2018,92,86152
07-04-2018,78,86230
08-04-2018,105,86335
09-04-2018,121,86456
10-04-2018,141,86597
11-04-2018,135,86732
12-04-2018,135,86867
13-04-2018,118,86985
14-04-2018,96,87081
15-04-2018,91,87172
16-04-2018,133,87305
17-04-2018,136,87441
18-04-2018,142,87583
19-04-2018,101,87684
20-04-2018,116,87800
21-04-2018,77,87877
22-04-2018,80,87957
23-04-2018,107,88064
24-04-2018,128,88192
25-04-2018,113,88305
26-04-2018,111,88416
27-04-2018,135,88551
28-04-2018,102,88653
29-04-2018,75,88728
30-04-2018,74,88802
01-05-2018,54,88856
02-05-2018,105,88961
03-05-2018,115,89076
04-05-2018,99,89175
05-05-2018,68,89243
06-05-2018,64,89307
07-05-2018,98,89405
08-05-2018,109,89514
09-05-2018,121,89635
10-05-2018,123,89758
11-05-2018,110,89868
12-05-2018,88,89956
13-05-2018,60,90016
14-05-2018,123,90139
15-05-2018,121,90260
16-05-2018,121,90381
17-05-2018,130,90511
18-05-2018,141,90652
19-05-2018,101,90753
20-05-2018,69,90822
21-05-2018,122,90944
22-05-2018,92,91036
23-05-2018,157,91193
24-05-2018,145,91338
25-05-2018,100,91438
26-05-2018,79,91517
27-05-2018,67,91584
28-05-2018,109,91693
29-05-2018,111,91804
30-05-2018,118,91922
31-05-2018,105,92027
01-06-2018,98,92125
02-06-2018,65,92190
03-06-2018,70,92260
04-06-2018,98,92358
05-06-2018,131,92489
06-06-2018,121,92610
07-06-2018,130,92740
08-06-2018,102,92842
09-06-2018,86,92928
10-06-2018,73,93001
11-06-2018,91,93092
12-06-2018,93,93185
13-06-2018,104,93289
14-06-2018,91,93380
15-06-2018,83,93463
16-06-2018,42,93505
17-06-2018,53,93558
18-06-2018,47,93605
19-06-2018,90,93695
20-06-2018,86,93781
21-06-2018,91,93872
22-06-2018,71,93943
23-06-2018,35,93978
24-06-2018,55,94033
25-06-2018,79,94112
26-06-2018,82,94194
27-06-2018,95,94289
28-06-2018,95,94384
29-06-2018,89,94473
30-06-2018,42,94515
01-07-2018,41,94556
02-07-2018,73,94629
03-07-2018,103,94732
04-07-2018,80,94812
05-07-2018,82,94894
06-07-2018,92,94986
07-07-2018,56,95042
08-07-2018,53,95095
09-07-2018,106,95201
10-07-2018,84,95285
11-07-2018,90,95375
12-07-2018,88,95463
13-07-2018,81,95544
14-07-2018,57,95601
15-07-2018,37,95638
16-07-2018,83,95721
17-07-2018,72,95793
18-07-2018,98,95891
19-07-2018,120,96011
20-07-2018,71,96082
21-07-2018,58,96140
22-07-2018,37,96177
23-07-2018,76,96253
24-07-2018,101,96354
25-07-2018,124,96478
26-07-2018,87,96565
27-07-2018,77,96642
28-07-2018,57,96699
29-07-2018,47,96746
30-07-2018,87,96833
31-07-2018,75,96908
01-08-2018,89,96997
02-08-2018,77,97074
03-08-2018,70,97144
04-08-2018,45,97189
05-08-2018,56,97245
06-08-2018,74,97319
07-08-2018,82,97401
08-08-2018,89,97490
09-08-2018,87,97577
10-08-2018,89,97666
11-08-2018,31,97697
12-08-2018,65,97762
13-08-2018,73,97835
14-08-2018,85,97920
15-08-2018,82,98002
16-08-2018,76,98078
17-08-2018,60,98138
18-08-2018,41,98179
19-08-2018,52,98231
20-08-2018,69,98300
21-08-2018,90,98390
22-08-2018,67,98457
23-08-2018,65,98522
24-08-2018,73,98595
25-08-2018,33,98628
26-08-2018,40,98668
27-08-2018,73,98741
28-08-2018,78,98819
29-08-2018,82,98901
30-08-2018,68,98969
31-08-2018,80,99049
01-09-2018,51,99100
02-09-2018,42,99142
03-09-2018,71,99213
04-09-2018,84,99297
05-09-2018,76,99373
06-09-2018,74,99447
07-09-2018,59,99506
08-09-2018,38,99544
09-09-2018,49,99593
10-09-2018,76,99669
11-09-2018,78,99747
12-09-2018,78,99825
13-09-2018,84,99909
14-09-2018,86,99995
15-09-2018,50,100045
16-09-2018,31,100076
17-09-2018,64,100140
18-09-2018,74,100214
19-09-2018,99,100313
20-09-2018,131,100444
21-09-2018,137,100581
22-09-2018,64,100645
23-09-2018,53,100698
24-09-2018,69,100767
25-09-2018,76,100843
26-09-2018,106,100949
27-09-2018,115,101064
28-09-2018,103,101167
29-09-2018,115,101282
30-09-2018,76,101358
01-10-2018,122,101480
02-10-2018,107,101587
03-10-2018,54,101641
04-10-2018,68,101709
05-10-2018,74,101783
06-10-2018,53,101836
07-10-2018,54,101890
08-10-2018,82,101972
09-10-2018,85,102057
10-10-2018,69,102126
11-10-2018,84,102210
12-10-2018,98,102308
13-10-2018,58,102366
14-10-2018,56,102422
15-10-2018,67,102489
16-10-2018,83,102572
17-10-2018,95,102667
18-10-2018,99,102766
19-10-2018,85,102851
20-10-2018,43,102894
21-10-2018,54,102948
22-10-2018,79,103027
23-10-2018,108,103135
24-10-2018,99,103234
25-10-2018,82,103316
26-10-2018,71,103387
27-10-2018,53,103440
28-10-2018,48,103488
29-10-2018,87,103575
30-10-2018,95,103670
31-10-2018,85,103755
01-11-2018,76,103831
02-11-2018,58,103889
03-11-2018,46,103935
04-11-2018,62,103997
05-11-2018,103,104100
06-11-2018,131,104231
07-11-2018,94,104325
08-11-2018,80,104405
09-11-2018,95,104500
10-11-2018,47,104547
11-11-2018,50,104597
12-11-2018,107,104704
13-11-2018,75,104779
14-11-2018,82,104861
15-11-2018,79,104940
16-11-2018,62,105002
17-11-2018,59,105061
18-11-2018,53,105114
19-11-2018,79,105193
20-11-2018,84,105277
21-11-2018,108,105385
22-11-2018,89,105474
23-11-2018,54,105528
24-11-2018,53,105581
25-11-2018,58,105639
26-11-2018,68,105707
27-11-2018,78,105785
28-11-2018,120,105905
29-11-2018,74,105979
30-11-2018,77,106056
01-12-2018,49,106105
02-12-2018,63,106168
03-12-2018,78,106246
04-12-2018,85,106331
05-12-2018,81,106412
06-12-2018,95,106507
07-12-2018,75,106582
08-12-2018,58,106640
09-12-2018,53,106693
10-12-2018,68,106761
11-12-2018,100,106861
12-12-2018,74,106935
13-12-2018,78,107013
14-12-2018,57,107070
15-12-2018,38,107108
16-12-2018,53,107161
17-12-2018,76,107237
18-12-2018,79,107316
19-12-2018,79,107395
20-12-2018,70,107465
21-12-2018,60,107525
22-12-2018,42,107567
23-12-2018,50,107617
24-12-2018,76,107693
25-12-2018,63,107756
26-12-2018,52,107808
27-12-2018,85,107893
28-12-2018,65,107958
29-12-2018,71,108029
30-12-2018,44,108073
31-12-2018,26,108099
01-01-2019,29,108128
02-01-2019,70,108198
03-01-2019,60,108258
04-01-2019,63,108321
05-01-2019,49,108370
06-01-2019,39,108409
07-01-2019,66,108475
08-01-2019,102,108577
09-01-2019,86,108663
10-01-2019,85,108748
11-01-2019,72,108820
12-01-2019,50,108870
13-01-2019,48,108918
14-01-2019,74,108992
15-01-2019,87,109079
16-01-2019,87,109166
17-01-2019,93,109259
18-01-2019,88,109347
19-01-2019,44,109391
20-01-2019,48,109439
21-01-2019,67,109506
22-01-2019,90,109596
23-01-2019,108,109704
24-01-2019,95,109799
25-01-2019,78,109877
26-01-2019,52,109929
27-01-2019,45,109974
28-01-2019,75,110049
29-01-2019,77,110126
30-01-2019,79,110205
31-01-2019,54,110259
01-02-2019,90,110349
02-02-2019,64,110413
03-02-2019,57,110470
04-02-2019,51,110521
05-02-2019,36,110557
06-02-2019,45,110602
07-02-2019,41,110643
08-02-2019,43,110686
09-02-2019,42,110728
10-02-2019,41,110769
11-02-2019,68,110837
12-02-2019,69,110906
13-02-2019,69,110975
14-02-2019,83,111058
15-02-2019,67,111125
16-02-2019,49,111174
17-02-2019,52,111226
18-02-2019,89,111315
19-02-2019,67,111382
20-02-2019,68,111450
21-02-2019,69,111519
22-02-2019,74,111593
23-02-2019,47,111640
24-02-2019,59,111699
25-02-2019,76,111775
26-02-2019,84,111859
27-02-2019,94,111953
28-02-2019,73,112026
01-03-2019,77,112103
02-03-2019,51,112154
03-03-2019,52,112206
04-03-2019,84,112290
05-03-2019,76,112366
06-03-2019,89,112455
07-03-2019,186,112641
08-03-2019,142,112783
09-03-2019,83,112866
10-03-2019,82,112948
11-03-2019,92,113040
12-03-2019,98,113138
13-03-2019,121,113259
14-03-2019,133,113392
15-03-2019,94,113486
16-03-2019,67,113553
17-03-2019,70,113623
18-03-2019,110,113733
19-03-2019,83,113816
20-03-2019,87,113903
21-03-2019,95,113998
22-03-2019,90,114088
23-03-2019,51,114139
24-03-2019,39,114178
25-03-2019,79,114257
26-03-2019,80,114337
27-03-2019,91,114428
28-03-2019,138,114566
29-03-2019,141,114707
30-03-2019,89,114796
31-03-2019,72,114868
01-04-2019,114,114982
02-04-2019,100,115082
03-04-2019,107,115189
04-04-2019,84,115273
05-04-2019,69,115342
06-04-2019,49,115391
07-04-2019,45,115436
08-04-2019,88,115524
09-04-2019,105,115629
10-04-2019,101,115730
11-04-2019,75,115805
12-04-2019,83,115888
13-04-2019,58,115946
14-04-2019,63,116009
15-04-2019,82,116091
16-04-2019,105,116196
17-04-2019,75,116271
18-04-2019,84,116355
19-04-2019,80,116435
20-04-2019,56,116491
21-04-2019,49,116540
22-04-2019,85,116625
23-04-2019,72,116697
24-04-2019,70,116767
25-04-2019,87,116854
26-04-2019,72,116926
27-04-2019,53,116979
28-04-2019,64,117043
29-04-2019,65,117108
30-04-2019,74,117182
01-05-2019,51,117233
02-05-2019,57,117290
03-05-2019,43,117333
04-05-2019,45,117378
05-05-2019,66,117444
06-05-2019,92,117536
07-05-2019,83,117619
08-05-2019,97,117716
09-05-2019,110,117826
10-05-2019,78,117904
11-05-2019,51,117955
12-05-2019,48,118003
13-05-2019,84,118087
14-05-2019,77,118164
15-05-2019,92,118256
16-05-2019,86,118342
17-05-2019,60,118402
18-05-2019,42,118444
19-05-2019,52,118496
20-05-2019,63,118559
21-05-2019,58,118617
22-05-2019,80,118697
23-05-2019,86,118783
24-05-2019,89,118872
25-05-2019,58,118930
26-05-2019,47,118977
27-05-2019,65,119042
28-05-2019,61,119103
29-05-2019,70,119173
30-05-2019,72,119245
31-05-2019,66,119311
01-06-2019,32,119343
02-06-2019,40,119383
03-06-2019,75,119458
04-06-2019,65,119523
05-06-2019,67,119590
06-06-2019,60,119650
07-06-2019,54,119704
08-06-2019,36,119740
09-06-2019,59,119799
10-06-2019,67,119866
11-06-2019,64,119930
12-06-2019,59,119989
13-06-2019,62,120051
14-06-2019,54,120105
15-06-2019,37,120142
16-06-2019,41,120183
17-06-2019,45,120228
18-06-2019,62,120290
19-06-2019,66,120356
20-06-2019,60,120416
21-06-2019,64,120480
22-06-2019,46,120526
23-06-2019,30,120556
24-06-2019,43,120599
25-06-2019,61,120660
26-06-2019,52,120712
27-06-2019,65,120777
28-06-2019,42,120819
29-06-2019,42,120861
30-06-2019,38,120899
01-07-2019,52,120951
02-07-2019,69,121020
03-07-2019,53,121073
04-07-2019,56,121129
05-07-2019,58,121187
06-07-2019,30,121217
07-07-2019,37,121254
08-07-2019,61,121315
09-07-2019,65,121380
10-07-2019,68,121448
11-07-2019,77,121525
12-07-2019,68,121593
13-07-2019,43,121636
14-07-2019,33,121669
15-07-2019,59,121728
16-07-2019,62,121790
17-07-2019,73,121863
18-07-2019,85,121948
19-07-2019,82,122030
20-07-2019,58,122088
21-07-2019,60,122148
22-07-2019,67,122215
23-07-2019,53,122268
24-07-2019,84,122352
25-07-2019,67,122419
26-07-2019,48,122467
27-07-2019,52,122519
28-07-2019,36,122555
29-07-2019,53,122608
30-07-2019,63,122671
31-07-2019,54,122725
01-08-2019,63,122788
02-08-2019,57,122845
03-08-2019,41,122886
04-08-2019,43,122929
05-08-2019,64,122993
06-08-2019,66,123059
07-08-2019,65,123124
08-08-2019,60,123184
09-08-2019,56,123240
10-08-2019,33,123273
11-08-2019,28,123301
12-08-2019,49,123350
13-08-2019,68,123418
14-08-2019,51,123469
15-08-2019,47,123516
16-08-2019,62,123578
17-08-2019,32,123610
18-08-2019,21,123631
19-08-2019,60,123691
20-08-2019,58,123749
21-08-2019,58,123807
22-08-2019,45,123852
23-08-2019,52,123904
24-08-2019,48,123952
25-08-2019,34,123986
26-08-2019,59,124045
27-08-2019,63,124108
28-08-2019,54,124162
29-08-2019,48,124210
30-08-2019,37,124247
31-08-2019,34,124281
01-09-2019,23,124304
02-09-2019,69,124373
03-09-2019,53,124426
04-09-2019,62,124488
05-09-2019,60,124548
06-09-2019,65,124613
07-09-2019,29,124642
08-09-2019,34,124676
09-09-2019,44,124720
10-09-2019,68,124788
11-09-2019,96,124884
12-09-2019,74,124958
13-09-2019,44,125002
14-09-2019,34,125036
15-09-2019,28,125064
16-09-2019,62,125126
17-09-2019,58,125184
18-09-2019,83,125267
19-09-2019,73,125340
20-09-2019,63,125403
21-09-2019,30,125433
22-09-2019,37,125470
23-09-2019,52,125522
24-09-2019,62,125584
25-09-2019,86,125670
26-09-2019,78,125748
27-09-2019,75,125823
28-09-2019,34,125857
29-09-2019,51,125908
30-09-2019,120,126028
01-10-2019,165,126193
02-10-2019,64,126257
03-10-2019,69,126326
04-10-2019,57,126383
05-10-2019,38,126421
06-10-2019,42,126463
07-10-2019,46,126509
08-10-2019,66,126575
09-10-2019,60,126635
10-10-2019,53,126688
11-10-2019,65,126753
12-10-2019,51,126804
13-10-2019,37,126841
14-10-2019,47,126888
15-10-2019,72,126960
16-10-2019,47,127007
17-10-2019,56,127063
18-10-2019,53,127116
19-10-2019,22,127138
20-10-2019,33,127171
21-10-2019,65,127236
22-10-2019,55,127291
23-10-2019,50,127341
24-10-2019,51,127392
25-10-2019,40,127432
26-10-2019,29,127461
27-10-2019,26,127487
28-10-2019,43,127530
29-10-2019,50,127580
30-10-2019,46,127626
31-10-2019,61,127687
01-11-2019,56,127743
02-11-2019,30,127773
03-11-2019,35,127808
04-11-2019,65,127873
05-11-2019,51,127924
06-11-2019,53,127977
07-11-2019,65,128042
08-11-2019,46,128088
09-11-2019,52,128140
10-11-2019,30,128170
11-11-2019,50,128220
12-11-2019,50,128270
13-11-2019,56,128326
14-11-2019,51,128377
15-11-2019,45,128422
16-11-2019,27,128449
17-11-2019,33,128482
18-11-2019,51,128533
19-11-2019,68,128601
20-11-2019,68,128669
21-11-2019,57,128726
22-11-2019,173,128899
23-11-2019,70,128969
24-11-2019,49,129018
25-11-2019,50,129068
26-11-2019,59,129127
27-11-2019,70,129197
28-11-2019,61,129258
29-11-2019,68,129326
30-11-2019,41,129367
01-12-2019,36,129403
02-12-2019,54,129457
03-12-2019,51,129508
04-12-2019,51,129559
05-12-2019,59,129618
06-12-2019,60,129678
07-12-2019,35,129713
08-12-2019,37,129750
09-12-2019,46,129796
10-12-2019,65,129861
11-12-2019,59,129920
12-12-2019,50,129970
13-12-2019,37,130007
14-12-2019,25,130032
15-12-2019,34,130066
16-12-2019,40,130106
17-12-2019,56,130162
18-12-2019,49,130211
19-12-2019,45,130256
20-12-2019,50,130306
21-12-2019,33,130339
22-12-2019,27,130366
23-12-2019,43,130409
24-12-2019,41,130450
25-12-2019,44,130494
26-12-2019,41,130535
27-12-2019,42,130577
28-12-2019,34,130611
29-12-2019,30,130641
30-12-2019,45,130686
31-12-2019,30,130716
01-01-2020,23,130739
02-01-2020,35,130774
03-01-2020,50,130824
04-01-2020,27,130851
05-01-2020,30,130881
06-01-2020,41,130922
07-01-2020,41,130963
08-01-2020,44,131007
09-01-2020,58,131065
10-01-2020,50,131115
11-01-2020,28,131143
12-01-2020,27,131170
13-01-2020,44,131214
14-01-2020,37,131251
15-01-2020,43,131294
16-01-2020,43,131337
17-01-2020,39,131376
18-01-2020,22,131398
19-01-2020,34,131432
20-01-2020,28,131460
21-01-2020,39,131499
22-01-2020,33,131532
23-01-2020,29,131561
24-01-2020,26,131587
25-01-2020,25,131612
26-01-2020,26,131638
27-01-2020,37,131675
28-01-2020,45,131720
29-01-2020,31,131751
30-01-2020,41,131792
31-01-2020,21,131813
01-02-2020,30,131843
02-02-2020,31,131874
03-02-2020,23,131897
04-02-2020,29,131926
05-02-2020,38,131964
06-02-2020,36,132000
07-02-2020,31,132031
08-02-2020,22,132053
09-02-2020,29,132082
10-02-2020,29,132111
11-02-2020,47,132158
12-02-2020,42,132200
13-02-2020,44,132244
14-02-2020,28,132272
15-02-2020,28,132300
16-02-2020,27,132327
17-02-2020,49,132376
18-02-2020,38,132414
19-02-2020,53,132467
20-02-2020,60,132527
21-02-2020,40,132567
22-02-2020,25,132592
23-02-2020,46,132638
24-02-2020,26,132664
25-02-2020,34,132698
26-02-2020,36,132734
27-02-2020,34,132768
28-02-2020,39,132807
29-02-2020,47,132854
01-03-2020,44,132898
02-03-2020,53,132951
03-03-2020,55,133006
04-03-2020,39,133045
05-03-2020,35,133080
06-03-2020,40,133120
07-03-2020,47,133167
08-03-2020,36,133203
09-03-2020,45,133248
10-03-2020,45,133293
11-03-2020,40,133333
12-03-2020,50,133383
13-03-2020,41,133424
14-03-2020,33,133457
15-03-2020,37,133494
16-03-2020,36,133530
17-03-2020,40,133570
18-03-2020,45,133615
19-03-2020,42,133657
20-03-2020,39,133696
21-03-2020,37,133733
22-03-2020,31,133764
23-03-2020,50,133814
24-03-2020,42,133856
25-03-2020,44,133900
26-03-2020,56,133956
27-03-2020,40,133996
28-03-2020,36,134032
29-03-2020,41,134073
30-03-2020,50,134123
31-03-2020,47,134170
01-04-2020,56,134226
02-04-2020,57,134283
03-04-2020,39,134322
04-04-2020,52,134374
05-04-2020,41,134415
06-04-2020,45,134460
07-04-2020,58,134518
08-04-2020,36,134554
09-04-2020,43,134597
10-04-2020,31,134628
11-04-2020,42,134670
12-04-2020,36,134706
13-04-2020,49,134755
14-04-2020,60,134815
15-04-2020,53,134868
16-04-2020,47,134915
17-04-2020,44,134959
18-04-2020,39,134998
19-04-2020,37,135035
20-04-2020,53,135088
21-04-2020,51,135139
22-04-2020,31,135170
23-04-2020,37,135207
24-04-2020,49,135256
25-04-2020,39,135295
26-04-2020,43,135338
27-04-2020,45,135383
28-04-2020,41,135424
29-04-2020,44,135468
30-04-2020,47,135515
01-05-2020,36,135551
02-05-2020,30,135581
03-05-2020,36,135617
04-05-2020,43,135660
05-05-2020,36,135696
06-05-2020,44,135740
07-05-2020,47,135787
08-05-2020,46,135833
09-05-2020,40,135873
10-05-2020,43,135916
11-05-2020,67,135983
12-05-2020,59,136042
13-05-2020,58,136100
14-05-2020,51,136151
15-05-2020,46,136197
16-05-2020,34,136231
17-05-2020,34,136265
18-05-2020,51,136316
19-05-2020,46,136362
20-05-2020,49,136411
21-05-2020,57,136468
22-05-2020,47,136515
23-05-2020,37,136552
24-05-2020,43,136595
25-05-2020,54,136649
26-05-2020,44,136693
27-05-2020,57,136750
28-05-2020,33,136783
29-05-2020,50,136833
30-05-2020,40,136873
31-05-2020,33,136906
01-06-2020,46,136952
02-06-2020,54,137006
03-06-2020,47,137053
04-06-2020,46,137099
05-06-2020,46,137145
06-06-2020,32,137177
07-06-2020,33,137210
08-06-2020,32,137242
09-06-2020,48,137290
10-06-2020,44,137334
11-06-2020,41,137375
12-06-2020,55,137430
13-06-2020,29,137459
14-06-2020,34,137493
15-06-2020,46,137539
16-06-2020,51,137590
17-06-2020,44,137634
18-06-2020,33,137667
19-06-2020,44,137711
20-06-2020,30,137741
21-06-2020,30,137771
22-06-2020,40,137811
23-06-2020,45,137856
24-06-2020,29,137885
25-06-2020,34,137919
26-06-2020,31,137950
27-06-2020,22,137972
28-06-2020,41,138013
29-06-2020,39,138052
30-06-2020,36,138088
01-07-2020,52,138140
02-07-2020,46,138186
03-07-2020,39,138225
04-07-2020,25,138250
05-07-2020,25,138275
06-07-2020,36,138311
07-07-2020,51,138362
08-07-2020,39,138401
09-07-2020,33,138434
10-07-2020,35,138469
11-07-2020,35,138504
12-07-2020,29,138533
13-07-2020,29,138562
14-07-2020,38,138600
15-07-2020,32,138632
16-07-2020,46,138678
17-07-2020,31,138709
18-07-2020,35,138744
19-07-2020,36,138780
20-07-2020,26,138806
21-07-2020,59,138865
22-07-2020,58,138923
23-07-2020,45,138968
24-07-2020,54,139022
25-07-2020,22,139044
26-07-2020,23,139067
27-07-2020,41,139108
28-07-2020,42,139150
29-07-2020,52,139202
30-07-2020,51,139253
31-07-2020,43,139296
01-08-2020,31,139327
02-08-2020,18,139345
03-08-2020,50,139395
04-08-2020,42,139437
05-08-2020,44,139481
06-08-2020,43,139524
07-08-2020,33,139557
08-08-2020,28,139585
09-08-2020,39,139624
10-08-2020,44,139668
11-08-2020,46,139714
12-08-2020,38,139752
13-08-2020,47,139799
14-08-2020,42,139841
15-08-2020,33,139874
16-08-2020,26,139900
17-08-2020,31,139931
18-08-2020,37,139968
19-08-2020,32,140000
20-08-2020,36,140036
21-08-2020,42,140078
22-08-2020,20,140098
23-08-2020,16,140114
24-08-2020,25,140139
25-08-2020,46,140185
26-08-2020,48,140233
27-08-2020,40,140273
28-08-2020,29,140302
29-08-2020,25,140327
30-08-2020,25,140352
31-08-2020,27,140379
01-09-2020,28,140407
02-09-2020,42,140449
03-09-2020,34,140483
04-09-2020,24,140507
05-09-2020,38,140545
06-09-2020,33,140578
07-09-2020,27,140605
08-09-2020,47,140652
09-09-2020,36,140688
10-09-2020,35,140723
11-09-2020,34,140757
12-09-2020,21,140778
13-09-2020,29,140807
14-09-2020,32,140839
15-09-2020,40,140879
16-09-2020,36,140915
17-09-2020,39,140954
18-09-2020,39,140993
19-09-2020,24,141017
20-09-2020,30,141047
21-09-2020,40,141087
22-09-2020,46,141133
23-09-2020,40,141173
24-09-2020,45,141218
25-09-2020,32,141250
26-09-2020,24,141274
27-09-2020,31,141305
28-09-2020,35,141340
29-09-2020,33,141373
30-09-2020,32,141405
01-10-2020,31,141436
02-10-2020,19,141455
03-10-2020,18,141473
04-10-2020,24,141497
05-10-2020,28,141525
06-10-2020,30,141555
07-10-2020,28,141583
08-10-2020,34,141617
09-10-2020,38,141655
10-10-2020,30,141685
11-10-2020,29,141714
12-10-2020,33,141747
13-10-2020,40,141787
14-10-2020,51,141838
15-10-2020,35,141873
16-10-2020,36,141909
17-10-2020,28,141937
18-10-2020,30,141967
19-10-2020,31,141998
20-10-2020,33,142031
21-10-2020,36,142067
22-10-2020,26,142093
23-10-2020,33,142126
24-10-2020,21,142147
25-10-2020,20,142167
26-10-2020,48,142215
27-10-2020,33,142248
28-10-2020,34,142282
29-10-2020,46,142328
30-10-2020,40,142368
31-10-2020,31,142399
01-11-2020,22,142421
02-11-2020,36,142457
03-11-2020,37,142494
04-11-2020,34,142528
05-11-2020,35,142563
06-11-2020,31,142594
07-11-2020,24,142618
08-11-2020,18,142636
09-11-2020,33,142669
10-11-2020,41,142710
11-11-2020,40,142750
12-11-2020,41,142791
13-11-2020,32,142823
14-11-2020,23,142846
15-11-2020,23,142869
16-11-2020,37,142906
17-11-2020,42,142948
18-11-2020,40,142988
19-11-2020,41,143029
20-11-2020,103,143132
21-11-2020,108,143240
22-11-2020,129,143369
23-11-2020,85,143454
24-11-2020,47,143501
25-11-2020,35,143536
26-11-2020,31,143567
27-11-2020,39,143606
28-11-2020,32,143638
29-11-2020,39,143677
30-11-2020,41,143718
01-12-2020,33,143751
02-12-2020,40,143791
03-12-2020,38,143829
04-12-2020,33,143862
05-12-2020,26,143888
06-12-2020,16,143904
07-12-2020,39,143943
08-12-2020,51,143994
09-12-2020,112,144106
10-12-2020,70,144176
11-12-2020,33,144209
12-12-2020,28,144237
13-12-2020,36,144273
14-12-2020,51,144324
15-12-2020,46,144370
16-12-2020,25,144395
17-12-2020,44,144439
18-12-2020,37,144476
19-12-2020,28,144504
20-12-2020,39,144543
21-12-2020,35,144578
22-12-2020,37,144615
23-12-2020,30,144645
24-12-2020,36,144681
25-12-2020,29,144710
26-12-2020,26,144736
27-12-2020,31,144767
28-12-2020,39,144806
29-12-2020,42,144848
30-12-2020,35,144883
31-12-2020,25,144908
01-01-2021,25,144933
02-01-2021,26,144959
03-01-2021,28,144987
04-01-2021,36,145023
05-01-2021,41,145064
06-01-2021,22,145086
07-01-2021,27,145113
08-01-2021,37,145150
09-01-2021,28,145178
10-01-2021,20,145198
11-01-2021,37,145235
12-01-2021,50,145285
13-01-2021,35,145320
14-01-2021,30,145350
15-01-2021,26,145376
16-01-2021,34,145410
17-01-2021,18,145428
18-01-2021,30,145458
19-01-2021,39,145497
20-01-2021,38,145535
21-01-2021,43,145578
22-01-2021,41,145619
23-01-2021,24,145643
24-01-2021,18,145661
25-01-2021,37,145698
26-01-2021,40,145738
27-01-2021,41,145779
28-01-2021,29,145808
29-01-2021,34,145842
30-01-2021,23,145865
31-01-2021,32,145897
01-02-2021,30,145927
02-02-2021,29,145956
03-02-2021,42,145998
04-02-2021,30,146028
05-02-2021,30,146058
06-02-2021,23,146081
07-02-2021,32,146113
08-02-2021,30,146143
09-02-2021,35,146178
10-02-2021,38,146216
11-02-2021,27,146243
12-02-2021,22,146265
13-02-2021,31,146296
14-02-2021,17,146313
15-02-2021,21,146334
16-02-2021,26,146360
17-02-2021,38,146398
18-02-2021,40,146438
19-02-2021,36,146474
20-02-2021,25,146499
21-02-2021,22,146521
22-02-2021,37,146558
23-02-2021,37,146595
24-02-2021,30,146625
25-02-2021,30,146655
26-02-2021,24,146679
27-02-2021,31,146710
28-02-2021,28,146738
01-03-2021,42,146780
02-03-2021,37,146817
03-03-2021,37,146854
04-03-2021,37,146891
05-03-2021,34,146925
06-03-2021,24,146949
07-03-2021,30,146979
08-03-2021,40,147019
09-03-2021,43,147062
10-03-2021,32,147094
11-03-2021,35,147129
12-03-2021,25,147154
13-03-2021,25,147179
14-03-2021,31,147210
15-03-2021,28,147238
16-03-2021,24,147262
17-03-2021,39,147301
18-03-2021,41,147342
19-03-2021,42,147384
20-03-2021,26,147410
21-03-2021,23,147433
22-03-2021,35,147468
23-03-2021,34,147502
24-03-2021,31,147533
25-03-2021,32,147565
26-03-2021,34,147599
27-03-2021,41,147640
28-03-2021,29,147669
29-03-2021,28,147697
30-03-2021,35,147732
31-03-2021,38,147770
01-04-2021,45,147815
02-04-2021,29,147844
03-04-2021,29,147873
04-04-2021,21,147894
05-04-2021,24,147918
06-04-2021,34,147952
07-04-2021,50,148002
08-04-2021,28,148030
09-04-2021,31,148061
10-04-2021,21,148082
11-04-2021,22,148104
12-04-2021,35,148139
13-04-2021,44,148183
14-04-2021,46,148229
15-04-2021,40,148269
16-04-2021,28,148297
17-04-2021,24,148321
18-04-2021,25,148346
19-04-2021,30,148376
20-04-2021,39,148415
21-04-2021,31,148446
22-04-2021,42,148488
23-04-2021,30,148518
24-04-2021,33,148551
25-04-2021,39,148590
26-04-2021,34,148624
27-04-2021,33,148657
28-04-2021,47,148704
29-04-2021,130,148834
30-04-2021,63,148897
01-05-2021,32,148929
02-05-2021,18,148947
03-05-2021,32,148979
04-05-2021,23,149002
05-05-2021,19,149021
06-05-2021,25,149046
07-05-2021,28,149074
08-05-2021,23,149097
09-05-2021,19,149116
10-05-2021,28,149144
11-05-2021,38,149182
12-05-2021,28,149210
13-05-2021,28,149238
14-05-2021,34,149272
15-05-2021,24,149296
16-05-2021,22,149318
17-05-2021,36,149354
18-05-2021,34,149388
19-05-2021,27,149415
20-05-2021,33,149448
21-05-2021,36,149484
22-05-2021,21,149505
23-05-2021,21,149526
24-05-2021,32,149558
25-05-2021,48,149606
26-05-2021,49,149655
27-05-2021,41,149696
28-05-2021,29,149725
29-05-2021,16,149741
30-05-2021,29,149770
31-05-2021,27,149797
01-06-2021,28,149825
02-06-2021,41,149866
03-06-2021,36,149902
04-06-2021,32,149934
05-06-2021,19,149953
06-06-2021,14,149967
07-06-2021,28,149995
08-06-2021,38,150033
09-06-2021,35,150068
10-06-2021,40,150108
11-06-2021,33,150141
12-06-2021,100,150241
13-06-2021,61,150302
14-06-2021,23,150325
15-06-2021,34,150359
16-06-2021,37,150396
17-06-2021,42,150438
18-06-2021,23,150461
19-06-2021,20,150481
20-06-2021,12,150493
21-06-2021,34,150527
22-06-2021,29,150556
23-06-2021,34,150590
24-06-2021,26,150616
25-06-2021,31,150647
26-06-2021,13,150660
27-06-2021,20,150680
28-06-2021,33,150713
29-06-2021,26,150739
30-06-2021,39,150778
01-07-2021,44,150822
02-07-2021,27,150849
03-07-2021,30,150879
04-07-2021,22,150901
05-07-2021,28,150929
06-07-2021,28,150957
07-07-2021,35,150992
08-07-2021,30,151022
09-07-2021,38,151060
10-07-2021,29,151089
11-07-2021,21,151110
12-07-2021,31,151141
13-07-2021,25,151166
14-07-2021,29,151195
15-07-2021,28,151223
16-07-2021,26,151249
17-07-2021,27,151276
18-07-2021,19,151295
19-07-2021,40,151335
20-07-2021,49,151384
21-07-2021,23,151407
22-07-2021,47,151454
23-07-2021,28,151482
24-07-2021,24,151506
25-07-2021,30,151536
26-07-2021,23,151559
27-07-2021,23,151582
28-07-2021,34,151616
29-07-2021,31,151647
30-07-2021,26,151673
31-07-2021,26,151699
01-08-2021,17,151716
02-08-2021,29,151745
03-08-2021,31,151776
04-08-2021,34,151810
05-08-2021,24,151834
06-08-2021,21,151855
07-08-2021,19,151874
08-08-2021,21,151895
09-08-2021,24,151919
10-08-2021,46,151965
11-08-2021,36,152001
12-08-2021,94,152095
13-08-2021,69,152164
14-08-2021,76,152240
15-08-2021,61,152301
16-08-2021,35,152336
17-08-2021,23,152359
18-08-2021,38,152397
19-08-2021,22,152419
20-08-2021,22,152441
21-08-2021,25,152466
22-08-2021,16,152482
23-08-2021,18,152500
24-08-2021,30,152530
25-08-2021,31,152561
26-08-2021,38,152599
27-08-2021,17,152616
28-08-2021,31,152647
29-08-2021,24,152671
30-08-2021,41,152712
31-08-2021,19,152731
01-09-2021,26,152757
02-09-2021,25,152782
03-09-2021,24,152806
04-09-2021,21,152827
05-09-2021,16,152843
06-09-2021,27,152870
07-09-2021,27,152897
08-09-2021,36,152933
09-09-2021,29,152962
10-09-2021,20,152982
11-09-2021,30,153012
12-09-2021,14,153026
13-09-2021,32,153058
14-09-2021,29,153087
15-09-2021,22,153109
16-09-2021,42,153151
17-09-2021,23,153174
18-09-2021,24,153198
19-09-2021,18,153216
20-09-2021,23,153239
21-09-2021,22,153261
22-09-2021,28,153289
23-09-2021,32,153321
24-09-2021,31,153352
25-09-2021,24,153376
26-09-2021,20,153396
27-09-2021,30,153426
28-09-2021,35,153461
29-09-2021,35,153496
30-09-2021,34,153530
01-10-2021,18,153548
02-10-2021,27,153575
03-10-2021,23,153598
04-10-2021,25,153623
05-10-2021,23,153646
06-10-2021,29,153675
07-10-2021,23,153698
08-10-2021,27,153725
09-10-2021,27,153752
10-10-2021,17,153769
11-10-2021,29,153798
12-10-2021,47,153845
13-10-2021,88,153933
14-10-2021,67,154000
15-10-2021,27,154027
16-10-2021,18,154045
17-10-2021,8,154053
18-10-2021,29,154082
19-10-2021,31,154113
20-10-2021,23,154136
21-10-2021,27,154163
22-10-2021,36,154199
23-10-2021,16,154215
24-10-2021,28,154243
25-10-2021,27,154270
26-10-2021,36,154306
27-10-2021,26,154332
28-10-2021,33,154365
29-10-2021,33,154398
30-10-2021,18,154416
31-10-2021,25,154441
01-11-2021,34,154475
02-11-2021,30,154505
03-11-2021,31,154536
04-11-2021,26,154562
05-11-2021,50,154612
06-11-2021,21,154633
07-11-2021,19,154652
08-11-2021,24,154676
09-11-2021,31,154707
10-11-2021,26,154733
11-11-2021,19,154752
12-11-2021,24,154776
13-11-2021,20,154796
14-11-2021,20,154816
15-11-2021,39,154855
16-11-2021,31,154886
17-11-2021,37,154923
18-11-2021,37,154960
19-11-2021,42,155002
20-11-2021,20,155022
21-11-2021,17,155039
22-11-2021,21,155060
23-11-2021,28,155088
24-11-2021,38,155126
25-11-2021,26,155152
26-11-2021,22,155174
27-11-2021,20,155194
28-11-2021,15,155209
29-11-2021,26,155235
30-11-2021,30,155265
01-12-2021,30,155295
02-12-2021,28,155323
03-12-2021,31,155354
04-12-2021,19,155373
05-12-2021,16,155389
06-12-2021,34,155423
07-12-2021,27,155450
08-12-2021,31,155481
09-12-2021,35,155516
10-12-2021,30,155546
11-12-2021,21,155567
12-12-2021,23,155590
13-12-2021,28,155618
14-12-2021,22,155640
15-12-2021,23,155663
16-12-2021,37,155700
17-12-2021,37,155737
18-12-2021,28,155765
19-12-2021,12,155777
20-12-2021,25,155802
21-12-2021,36,155838
22-12-2021,21,155859
23-12-2021,26,155885
24-12-2021,24,155909
25-12-2021,20,155929
26-12-2021,18,155947
27-12-2021,27,155974
28-12-2021,25,155999
29-12-2021,24,156023
30-12-2021,39,156062
31-12-2021,28,156090
01-01-2022,18,156108
02-01-2022,14,156122
03-01-2022,26,156148
04-01-2022,30,156178
05-01-2022,29,156207
06-01-2022,22,156229
07-01-2022,75,156304
08-01-2022,87,156391
09-01-2022,74,156465
10-01-2022,42,156507
11-01-2022,38,156545
12-01-2022,45,156590
13-01-2022,35,156625
14-01-2022,39,156664
15-01-2022,28,156692
16-01-2022,19,156711
17-01-2022,25,156736
18-01-2022,31,156767
19-01-2022,30,156797
20-01-2022,23,156820
21-01-2022,23,156843
22-01-2022,36,156879
23-01-2022,27,156906
24-01-2022,32,156938
25-01-2022,37,156975
26-01-2022,58,157033
27-01-2022,93,157126
28-01-2022,70,157196
29-01-2022,26,157222
30-01-2022,32,157254
31-01-2022,21,157275
01-02-2022,34,157309
02-02-2022,29,157338
03-02-2022,21,157359
04-02-2022,34,157393
05-02-2022,29,157422
06-02-2022,23,157445
07-02-2022,33,157478
08-02-2022,30,157508
09-02-2022,40,157548
10-02-2022,26,157574
11-02-2022,28,157602
12-02-2022,23,157625
13-02-2022,23,157648
14-02-2022,27,157675
15-02-2022,27,157702
16-02-2022,34,157736
17-02-2022,34,157770
18-02-2022,26,157796
19-02-2022,19,157815
20-02-2022,13,157828
21-02-2022,29,157857
22-02-2022,32,157889
23-02-2022,34,157923
24-02-2022,23,157946
25-02-2022,34,157980
26-02-2022,16,157996
27-02-2022,28,158024
28-02-2022,29,158053
01-03-2022,38,158091
02-03-2022,30,158121
03-03-2022,45,158166
04-03-2022,32,158198
05-03-2022,23,158221
06-03-2022,32,158253
07-03-2022,27,158280
08-03-2022,35,158315
09-03-2022,36,158351
10-03-2022,33,158384
11-03-2022,25,158409
12-03-2022,23,158432
13-03-2022,26,158458
14-03-2022,40,158498
15-03-2022,43,158541
16-03-2022,22,158563
17-03-2022,28,158591
18-03-2022,24,158615
19-03-2022,34,158649
20-03-2022,26,158675
21-03-2022,30,158705
22-03-2022,37,158742
23-03-2022,29,158771
24-03-2022,30,158801
25-03-2022,20,158821
26-03-2022,18,158839
27-03-2022,31,158870
28-03-2022,34,158904
29-03-2022,43,158947
30-03-2022,32,158979
31-03-2022,38,159017
01-04-2022,28,159045
02-04-2022,23,159068
03-04-2022,18,159086
04-04-2022,20,159106
05-04-2022,29,159135
06-04-2022,29,159164
07-04-2022,33,159197
08-04-2022,31,159228
09-04-2022,26,159254
10-04-2022,20,159274
11-04-2022,28,159302
12-04-2022,20,159322
13-04-2022,35,159357
14-04-2022,25,159382
15-04-2022,27,159409
16-04-2022,35,159444
17-04-2022,37,159481
18-04-2022,18,159499
19-04-2022,42,159541
20-04-2022,27,159568
21-04-2022,12,159580
22-04-2022,22,159602
23-04-2022,23,159625
24-04-2022,32,159657
25-04-2022,30,159687
26-04-2022,32,159719
27-04-2022,34,159753
28-04-2022,34,159787
29-04-2022,24,159811
30-04-2022,22,159833
01-05-2022,35,159868
02-05-2022,35,159903
03-05-2022,29,159932
04-05-2022,27,159959
05-05-2022,27,159986
06-05-2022,29,160015
07-05-2022,30,160045
08-05-2022,25,160070
09-05-2022,37,160107
10-05-2022,32,160139
11-05-2022,28,160167
12-05-2022,30,160197
13-05-2022,23,160220
14-05-2022,22,160242
15-05-2022,30,160272
16-05-2022,27,160299
17-05-2022,37,160336
18-05-2022,26,160362
19-05-2022,18,160380
20-05-2022,30,160410
21-05-2022,19,160429
22-05-2022,22,160451
23-05-2022,35,160486
24-05-2022,42,160528
25-05-2022,77,160605
26-05-2022,76,160681
27-05-2022,18,160699
28-05-2022,17,160716
29-05-2022,27,160743
30-05-2022,27,160770
31-05-2022,26,160796
01-06-2022,34,160830
02-06-2022,28,160858
03-06-2022,18,160876
04-06-2022,19,160895
05-06-2022,18,160913
06-06-2022,26,160939
07-06-2022,27,160966
08-06-2022,32,160998
09-06-2022,35,161033
10-06-2022,29,161062
11-06-2022,62,161124
12-06-2022,47,161171
13-06-2022,16,161187
14-06-2022,30,161217
15-06-2022,23,161240
16-06-2022,30,161270
17-06-2022,25,161295
18-06-2022,25,161320
19-06-2022,27,161347
20-06-2022,41,161388
21-06-2022,44,161432
22-06-2022,26,161458
23-06-2022,23,161481
24-06-2022,31,161512
25-06-2022,23,161535
26-06-2022,20,161555
27-06-2022,33,161588
28-06-2022,28,161616
29-06-2022,35,161651
30-06-2022,34,161685
01-07-2022,30,161715
02-07-2022,36,161751
03-07-2022,21,161772
04-07-2022,22,161794
05-07-2022,25,161819
06-07-2022,22,161841
07-07-2022,23,161864
08-07-2022,30,161894
09-07-2022,25,161919
10-07-2022,17,161936
11-07-2022,36,161972
12-07-2022,31,162003
13-07-2022,32,162035
14-07-2022,34,162069
15-07-2022,25,162094
16-07-2022,19,162113
17-07-2022,23,162136
18-07-2022,27,162163
19-07-2022,33,162196
20-07-2022,28,162224
21-07-2022,25,162249
22-07-2022,30,162279
23-07-2022,22,162301
24-07-2022,15,162316
25-07-2022,39,162355
26-07-2022,25,162380
27-07-2022,37,162417
28-07-2022,45,162462
29-07-2022,38,162500
30-07-2022,25,162525
31-07-2022,26,162551
01-08-2022,29,162580
02-08-2022,23,162603
03-08-2022,30,162633
04-08-2022,36,162669
05-08-2022,35,162704
06-08-2022,21,162725
07-08-2022,28,162753
08-08-2022,29,162782
09-08-2022,26,162808
10-08-2022,35,162843
11-08-2022,26,162869
12-08-2022,30,162899
13-08-2022,23,162922
14-08-2022,26,162948
15-08-2022,30,162978
16-08-2022,26,163004
17-08-2022,32,163036
18-08-2022,25,163061
19-08-2022,33,163094
20-08-2022,23,163117
21-08-2022,18,163135
22-08-2022,29,163164
23-08-2022,28,163192
24-08-2022,33,163225
25-08-2022,27,163252
26-08-2022,26,163278
27-08-2022,29,163307
28-08-2022,17,163324
29-08-2022,36,163360
30-08-2022,22,163382
31-08-2022,25,163407
01-09-2022,30,163437
02-09-2022,32,163469
03-09-2022,17,163486
04-09-2022,22,163508
05-09-2022,16,163524
06-09-2022,39,163563
07-09-2022,27,163590
08-09-2022,26,163616
09-09-2022,20,163636
10-09-2022,17,163653
11-09-2022,20,163673
12-09-2022,25,163698
13-09-2022,23,163721
14-09-2022,23,163744
15-09-2022,33,163777
16-09-2022,31,163808
17-09-2022,17,163825
18-09-2022,22,163847
19-09-2022,29,163876
20-09-2022,23,163899
21-09-2022,26,163925
22-09-2022,24,163949
23-09-2022,27,163976
24-09-2022,18,163994
25-09-2022,23,164017
26-09-2022,33,164050
27-09-2022,26,164076
28-09-2022,38,164114
29-09-2022,32,164146
30-09-2022,28,164174
01-10-2022,16,164190
02-10-2022,26,164216
03-10-2022,23,164239
04-10-2022,25,164264
05-10-2022,24,164288
06-10-2022,27,164315
07-10-2022,29,164344
08-10-2022,19,164363
09-10-2022,34,164397
10-10-2022,23,164420
11-10-2022,36,164456
12-10-2022,29,164485
13-10-2022,27,164512
14-10-2022,20,164532
15-10-2022,17,164549
16-10-2022,11,164560
17-10-2022,22,164582
18-10-2022,21,164603
19-10-2022,24,164627
20-10-2022,39,164666
21-10-2022,37,164703
22-10-2022,17,164720
23-10-2022,32,164752
24-10-2022,34,164786
25-10-2022,29,164815
26-10-2022,25,164840
27-10-2022,31,164871
28-10-2022,26,164897
29-10-2022,23,164920
30-10-2022,30,164950
31-10-2022,27,164977
01-11-2022,35,165012
02-11-2022,31,165043
03-11-2022,33,165076
04-11-2022,27,165103
05-11-2022,26,165129
06-11-2022,14,165143
07-11-2022,37,165180
08-11-2022,25,165205
09-11-2022,31,165236
10-11-2022,29,165265
11-11-2022,29,165294
12-11-2022,21,165315
13-11-2022,14,165329
14-11-2022,23,165352
15-11-2022,29,165381
16-11-2022,33,165414
17-11-2022,30,165444
18-11-2022,22,165466
19-11-2022,20,165486
20-11-2022,31,165517
21-11-2022,24,165541
22-11-2022,31,165572
23-11-2022,38,165610
24-11-2022,22,165632
25-11-2022,24,165656
26-11-2022,11,165667
27-11-2022,26,165693
28-11-2022,23,165716
29-11-2022,25,165741
30-11-2022,29,165770
01-12-2022,29,165799
02-12-2022,25,165824
03-12-2022,18,165842
04-12-2022,18,165860
05-12-2022,34,165894
06-12-2022,23,165917
07-12-2022,20,165937
08-12-2022,23,165960
09-12-2022,18,165978
10-12-2022,14,165992
11-12-2022,21,166013
12-12-2022,23,166036
13-12-2022,28,166064
14-12-2022,27,166091
15-12-2022,42,166133
16-12-2022,18,166151
17-12-2022,14,166165
18-12-2022,16,166181
19-12-2022,20,166201
20-12-2022,28,166229
21-12-2022,42,166271
22-12-2022,28,166299
23-12-2022,28,166327
24-12-2022,19,166346
25-12-2022,19,166365
26-12-2022,26,166391
27-12-2022,33,166424
28-12-2022,25,166449
29-12-2022,19,166468
30-12-2022,22,166490
31-12-2022,18,166508
01-01-2023,17,166525
02-01-2023,22,166547
03-01-2023,36,166583
04-01-2023,39,166622
05-01-2023,30,166652
06-01-2023,35,166687
07-01-2023,15,166702
08-01-2023,20,166722
09-01-2023,37,166759
10-01-2023,37,166796
11-01-2023,32,166828
12-01-2023,35,166863
13-01-2023,41,166904
14-01-2023,29,166933
15-01-2023,26,166959
16-01-2023,26,166985
17-01-2023,44,167029
18-01-2023,24,167053
19-01-2023,27,167080
20-01-2023,34,167114
21-01-2023,36,167150
22-01-2023,22,167172
23-01-2023,30,167202
24-01-2023,28,167230
25-01-2023,17,167247
26-01-2023,28,167275
27-01-2023,19,167294
28-01-2023,20,167314
29-01-2023,32,167346
30-01-2023,24,167370
31-01-2023,24,167394
01-02-2023,33,167427
02-02-2023,38,167465
03-02-2023,35,167500
04-02-2023,37,167537
05-02-2023,30,167567
06-02-2023,33,167600
07-02-2023,52,167652
08-02-2023,22,167674
09-02-2023,33,167707
10-02-2023,29,167736
11-02-2023,36,167772
12-02-2023,35,167807
13-02-2023,28,167835
14-02-2023,45,167880
15-02-2023,30,167910
16-02-2023,56,167966
17-02-2023,25,167991
18-02-2023,29,168020
19-02-2023,36,168056
20-02-2023,35,168091
21-02-2023,30,168121
22-02-2023,29,168150
23-02-2023,38,168188
24-02-2023,44,168232
25-02-2023,68,168300
26-02-2023,57,168357
27-02-2023,45,168402
28-02-2023,47,168449
01-03-2023,40,168489
02-03-2023,35,168524
03-03-2023,28,168552
04-03-2023,29,168581
05-03-2023,31,168612
06-03-2023,40,168652
07-03-2023,39,168691
08-03-2023,38,168729
09-03-2023,53,168782
10-03-2023,44,168826
11-03-2023,25,168851
12-03-2023,29,168880
13-03-2023,24,168904
14-03-2023,36,168940
15-03-2023,35,168975
16-03-2023,40,169015
17-03-2023,38,169053
18-03-2023,31,169084
19-03-2023,40,169124
20-03-2023,38,169162
21-03-2023,42,169204
22-03-2023,34,169238
23-03-2023,49,169287
24-03-2023,41,169328
25-03-2023,39,169367
26-03-2023,30,169397
27-03-2023,48,169445
28-03-2023,50,169495
29-03-2023,43,169538
30-03-2023,42,169580
31-03-2023,50,169630
01-04-2023,60,169690
02-04-2023,95,169785
03-04-2023,106,169891
04-04-2023,68,169959
05-04-2023,52,170011
06-04-2023,55,170066
07-04-2023,51,170117
08-04-2023,39,170156
09-04-2023,32,170188
10-04-2023,53,170241
11-04-2023,43,170284
12-04-2023,49,170333
13-04-2023,57,170390
14-04-2023,40,170430
15-04-2023,38,170468
16-04-2023,37,170505
17-04-2023,46,170551
18-04-2023,41,170592
19-04-2023,46,170638
20-04-2023,36,170674
21-04-2023,38,170712
22-04-2023,38,170750
23-04-2023,41,170791
24-04-2023,40,170831
25-04-2023,59,170890
26-04-2023,38,170928
27-04-2023,45,170973
28-04-2023,42,171015
29-04-2023,34,171049
30-04-2023,26,171075
01-05-2023,31,171106
02-05-2023,35,171141
03-05-2023,50,171191
04-05-2023,50,171241
05-05-2023,70,171311
06-05-2023,66,171377
07-05-2023,32,171409
08-05-2023,45,171454
09-05-2023,43,171497
10-05-2023,57,171554
11-05-2023,64,171618
12-05-2023,32,171650
13-05-2023,37,171687
14-05-2023,39,171726
15-05-2023,53,171779
16-05-2023,46,171825
17-05-2023,46,171871
18-05-2023,47,171918
19-05-2023,45,171963
20-05-2023,43,172006
21-05-2023,31,172037
22-05-2023,50,172087
23-05-2023,57,172144
24-05-2023,54,172198
25-05-2023,38,172236
26-05-2023,42,172278
27-05-2023,41,172319
28-05-2023,47,172366
29-05-2023,49,172415
30-05-2023,56,172471
31-05-2023,36,172507
01-06-2023,45,172552
02-06-2023,35,172587
03-06-2023,21,172608
04-06-2023,28,172636
05-06-2023,35,172671
06-06-2023,34,172705
07-06-2023,22,172727
08-06-2023,46,172773
09-06-2023,27,172800
10-06-2023,37,172837
11-06-2023,24,172861
12-06-2023,35,172896
13-06-2023,32,172928
14-06-2023,41,172969
15-06-2023,35,173004
16-06-2023,21,173025
17-06-2023,24,173049
18-06-2023,20,173069
19-06-2023,21,173090
20-06-2023,22,173112
21-06-2023,29,173141
22-06-2023,27,173168
23-06-2023,22,173190
24-06-2023,21,173211
25-06-2023,29,173240
26-06-2023,25,173265
27-06-2023,24,173289
28-06-2023,24,173313
29-06-2023,26,173339
30-06-2023,23,173362
01-07-2023,20,173382
02-07-2023,34,173416
03-07-2023,43,173459
04-07-2023,46,173505
05-07-2023,28,173533
06-07-2023,27,173560
07-07-2023,31,173591
08-07-2023,22,173613
09-07-2023,25,173638
10-07-2023,39,173677
11-07-2023,32,173709
12-07-2023,41,173750
13-07-2023,37,173787
14-07-2023,41,173828
15-07-2023,27,173855
16-07-2023,34,173889
17-07-2023,30,173919
18-07-2023,37,173956
19-07-2023,25,173981
20-07-2023,30,174011
21-07-2023,19,174030
22-07-2023,34,174064
23-07-2023,23,174087
24-07-2023,22,174109
25-07-2023,35,174144
26-07-2023,23,174167
27-07-2023,39,174206
28-07-2023,35,174241
29-07-2023,27,174268
30-07-2023,28,174296
31-07-2023,36,174332
01-08-2023,27,174359
02-08-2023,38,174397
03-08-2023,36,174433
04-08-2023,30,174463
05-08-2023,28,174491
06-08-2023,27,174518
07-08-2023,35,174553
08-08-2023,33,174586
09-08-2023,34,174620
10-08-2023,34,174654
11-08-2023,33,174687
12-08-2023,26,174713
13-08-2023,22,174735
14-08-2023,36,174771
15-08-2023,32,174803
16-08-2023,34,174837
17-08-2023,29,174866
18-08-2023,27,174893
19-08-2023,44,174937
20-08-2023,25,174962
21-08-2023,26,174988
22-08-2023,32,175020
23-08-2023,29,175049
24-08-2023,29,175078
25-08-2023,30,175108
26-08-2023,17,175125
27-08-2023,22,175147
28-08-2023,24,175171
29-08-2023,28,175199
30-08-2023,27,175226
31-08-2023,30,175256
01-09-2023,31,175287
02-09-2023,42,175329
03-09-2023,37,175366
04-09-2023,39,175405
05-09-2023,26,175431
06-09-2023,26,175457
07-09-2023,31,175488
08-09-2023,19,175507
09-09-2023,22,175529
10-09-2023,24,175553
11-09-2023,19,175572
12-09-2023,34,175606
13-09-2023,35,175641
14-09-2023,34,175675
15-09-2023,30,175705
16-09-2023,28,175733
17-09-2023,27,175760
18-09-2023,26,175786
19-09-2023,24,175810
20-09-2023,31,175841
21-09-2023,35,175876
22-09-2023,15,175891
23-09-2023,25,175916
24-09-2023,19,175935
25-09-2023,22,175957
26-09-2023,30,175987
27-09-2023,28,176015
28-09-2023,31,176046
29-09-2023,17,176063
30-09-2023,21,176084
01-10-2023,27,176111
02-10-2023,40,176151
03-10-2023,29,176180
04-10-2023,23,176203
05-10-2023,23,176226
06-10-2023,56,176282
07-10-2023,79,176361
08-10-2023,62,176423
09-10-2023,23,176446
10-10-2023,26,176472
11-10-2023,26,176498
12-10-2023,22,176520
13-10-2023,32,176552
14-10-2023,19,176571
15-10-2023,23,176594
16-10-2023,18,176612
17-10-2023,22,176634
18-10-2023,21,176655
19-10-2023,31,176686
20-10-2023,27,176713
21-10-2023,23,176736
22-10-2023,26,176762
23-10-2023,29,176791
24-10-2023,26,176817
25-10-2023,27,176844
26-10-2023,29,176873
27-10-2023,22,176895
28-10-2023,15,176910
29-10-2023,24,176934
30-10-2023,25,176959
31-10-2023,22,176981
01-11-2023,30,177011
02-11-2023,35,177046
03-11-2023,30,177076
04-11-2023,24,177100
05-11-2023,19,177119
06-11-2023,24,177143
07-11-2023,33,177176
08-11-2023,35,177211
09-11-2023,31,177242
10-11-2023,26,177268
11-11-2023,38,177306
12-11-2023,17,177323
13-11-2023,23,177346
14-11-2023,25,177371
15-11-2023,28,177399
16-11-2023,20,177419
17-11-2023,28,177447
18-11-2023,19,177466
19-11-2023,20,177486
20-11-2023,35,177521
21-11-2023,26,177547
22-11-2023,32,177579
23-11-2023,27,177606
24-11-2023,25,177631
25-11-2023,26,177657
26-11-2023,26,177683
27-11-2023,27,177710
28-11-2023,36,177746
29-11-2023,32,177778
30-11-2023,41,177819
01-12-2023,29,177848
02-12-2023,25,177873
03-12-2023,29,177902
04-12-2023,33,177935
05-12-2023,26,177961
06-12-2023,29,177990
07-12-2023,32,178022
08-12-2023,26,178048
09-12-2023,23,178071
10-12-2023,23,178094
11-12-2023,20,178114
12-12-2023,33,178147
13-12-2023,29,178176
14-12-2023,33,178209
15-12-2023,22,178231
16-12-2023,22,178253
17-12-2023,18,178271
18-12-2023,32,178303
19-12-2023,36,178339
20-12-2023,34,178373
21-12-2023,24,178397
22-12-2023,33,178430
23-12-2023,25,178455
24-12-2023,17,178472
25-12-2023,25,178497
26-12-2023,27,178524
27-12-2023,25,178549
28-12-2023,24,178573
29-12-2023,39,178612
30-12-2023,18,178630
31-12-2023,14,178644
01-01-2024,15,178659
02-01-2024,23,178682
03-01-2024,23,178705
04-01-2024,26,178731
05-01-2024,28,178759
06-01-2024,18,178777
07-01-2024,12,178789
08-01-2024,22,178811
09-01-2024,30,178841
10-01-2024,18,178859
11-01-2024,31,178890
12-01-2024,34,178924
13-01-2024,19,178943
14-01-2024,23,178966
15-01-2024,30,178996
16-01-2024,27,179023
17-01-2024,31,179054
18-01-2024,22,179076
19-01-2024,24,179100
20-01-2024,28,179128
21-01-2024,24,179152
22-01-2024,28,179180
23-01-2024,37,179217
24-01-2024,28,179245
25-01-2024,27,179272
26-01-2024,34,179306
27-01-2024,16,179322
28-01-2024,9,179331
29-01-2024,25,179356
30-01-2024,24,179380
31-01-2024,29,179409
01-02-2024,30,179439
02-02-2024,32,179471
03-02-2024,61,179532
04-02-2024,69,179601
05-02-2024,32,179633
06-02-2024,31,179664
07-02-2024,24,179688
08-02-2024,27,179715
09-02-2024,15,179730
10-02-2024,18,179748
11-02-2024,24,179772
12-02-2024,21,179793
13-02-2024,31,179824
14-02-2024,37,179861
15-02-2024,24,179885
16-02-2024,18,179903
17-02-2024,19,179922
18-02-2024,39,179961
19-02-2024,30,179991
20-02-2024,26,180017
21-02-2024,51,180068
22-02-2024,88,180156
23-02-2024,26,180182
24-02-2024,35,180217
25-02-2024,26,180243
26-02-2024,38,180281
27-02-2024,38,180319
28-02-2024,26,180345
29-02-2024,29,180374
01-03-2024,25,180399
02-03-2024,29,180428
03-03-2024,23,180451
04-03-2024,33,180484
05-03-2024,25,180509
06-03-2024,28,180537
07-03-2024,27,180564
08-03-2024,38,180602
09-03-2024,23,180625
10-03-2024,30,180655
11-03-2024,26,180681
12-03-2024,24,180705
13-03-2024,22,180727
14-03-2024,36,180763
15-03-2024,23,180786
16-03-2024,23,180809
17-03-2024,23,180832
18-03-2024,57,180889
19-03-2024,34,180923
20-03-2024,46,180969
21-03-2024,25,180994
22-03-2024,27,181021
23-03-2024,25,181046
24-03-2024,31,181077
25-03-2024,26,181103
26-03-2024,28,181131
27-03-2024,29,181160
28-03-2024,29,181189
29-03-2024,38,181227
30-03-2024,28,181255
31-03-2024,19,181274
01-04-2024,64,181338
02-04-2024,105,181443
03-04-2024,111,181554
04-04-2024,57,181611
05-04-2024,29,181640
06-04-2024,32,181672
07-04-2024,41,181713
08-04-2024,37,181750
09-04-2024,34,181784
10-04-2024,34,181818
11-04-2024,37,181855
12-04-2024,25,181880
13-04-2024,18,181898
14-04-2024,17,181915
15-04-2024,32,181947
16-04-2024,31,181978
17-04-2024,27,182005
18-04-2024,36,182041
19-04-2024,28,182069
20-04-2024,23,182092
21-04-2024,25,182117
22-04-2024,42,182159
23-04-2024,29,182188
24-04-2024,22,182210
25-04-2024,31,182241
26-04-2024,29,182270
27-04-2024,21,182291
28-04-2024,29,182320
29-04-2024,25,182345
30-04-2024,31,182376
01-05-2024,26,182402
02-05-2024,21,182423
03-05-2024,24,182447
04-05-2024,21,182468
05-05-2024,17,182485
06-05-2024,30,182515
07-05-2024,23,182538
08-05-2024,28,182566
09-05-2024,20,182586
10-05-2024,21,182607
11-05-2024,33,182640
12-05-2024,30,182670
13-05-2024,24,182694
14-05-2024,41,182735
15-05-2024,32,182767
16-05-2024,24,182791
17-05-2024,31,182822
18-05-2024,21,182843
19-05-2024,24,182867
20-05-2024,23,182890
21-05-2024,35,182925
22-05-2024,29,182954
23-05-2024,26,182980
24-05-2024,25,183005
25-05-2024,30,183035
26-05-2024,0,183035